Round: 8
Detected poison: 66
True poison: 40
TP: 19
FP: 47
FN: 21
TN: 113
Precision: 0.287879
Recall: 0.475000
F1: 0.358491
False Positive Rate: 0.293750

TP client IDs: [19, 41, 43, 47, 71, 81, 82, 84, 87, 89, 92, 95, 98, 100, 136, 173, 183, 186, 188]
FP client IDs: [3, 9, 14, 21, 25, 28, 29, 37, 46, 50, 51, 59, 61, 62, 63, 69, 74, 76, 77, 83, 94, 97, 101, 104, 110, 115, 118, 119, 121, 125, 131, 138, 139, 142, 148, 149, 152, 154, 161, 166, 167, 170, 171, 178, 193, 195, 199]
FN client IDs: [15, 18, 30, 33, 39, 40, 53, 58, 60, 65, 67, 85, 88, 93, 124, 135, 145, 157, 169, 177, 192]
