Round: 10
Detected poison: 73
True poison: 40
TP: 20
FP: 53
FN: 20
TN: 107
Precision: 0.273973
Recall: 0.500000
F1: 0.353982
False Positive Rate: 0.331250

TP client IDs: [19, 33, 41, 43, 47, 71, 81, 82, 84, 87, 89, 92, 95, 98, 100, 136, 173, 183, 186, 188]
FP client IDs: [3, 8, 9, 14, 17, 21, 25, 28, 29, 37, 44, 46, 50, 51, 59, 61, 62, 63, 69, 74, 76, 77, 83, 94, 97, 101, 104, 110, 115, 119, 121, 125, 131, 134, 138, 139, 142, 148, 149, 152, 154, 161, 166, 167, 170, 171, 175, 178, 184, 193, 195, 198, 199]
FN client IDs: [15, 18, 30, 39, 40, 53, 58, 60, 65, 67, 85, 88, 93, 124, 135, 145, 157, 169, 177, 192]
