Round: 3
Detected poison: 52
True poison: 40
TP: 16
FP: 36
FN: 24
TN: 124
Precision: 0.307692
Recall: 0.400000
F1: 0.347826
False Positive Rate: 0.225000

TP client IDs: [40, 41, 43, 84, 87, 89, 92, 95, 98, 100, 124, 136, 157, 177, 186, 188]
FP client IDs: [9, 11, 14, 21, 22, 25, 29, 35, 37, 51, 59, 61, 62, 63, 69, 76, 83, 97, 110, 113, 115, 118, 119, 122, 125, 131, 133, 139, 140, 142, 148, 149, 152, 161, 178, 199]
FN client IDs: [15, 18, 19, 30, 33, 39, 47, 53, 58, 60, 65, 67, 71, 81, 82, 85, 88, 93, 135, 145, 169, 173, 183, 192]
