Round: 4
Detected poison: 54
True poison: 40
TP: 15
FP: 39
FN: 25
TN: 121
Precision: 0.277778
Recall: 0.375000
F1: 0.319149
False Positive Rate: 0.243750

TP client IDs: [40, 41, 43, 84, 89, 92, 95, 98, 100, 124, 136, 157, 177, 186, 188]
FP client IDs: [9, 11, 21, 22, 25, 29, 35, 37, 51, 59, 61, 62, 63, 69, 83, 94, 97, 110, 113, 115, 118, 119, 121, 122, 125, 131, 133, 138, 139, 140, 142, 148, 149, 152, 154, 161, 178, 195, 199]
FN client IDs: [15, 18, 19, 30, 33, 39, 47, 53, 58, 60, 65, 67, 71, 81, 82, 85, 87, 88, 93, 135, 145, 169, 173, 183, 192]
