Round: 6
Detected poison: 63
True poison: 40
TP: 20
FP: 43
FN: 20
TN: 117
Precision: 0.317460
Recall: 0.500000
F1: 0.388350
False Positive Rate: 0.268750

TP client IDs: [19, 41, 43, 47, 81, 82, 84, 87, 89, 92, 95, 98, 100, 124, 136, 173, 177, 183, 186, 188]
FP client IDs: [3, 9, 21, 25, 29, 35, 37, 46, 50, 51, 59, 61, 62, 63, 69, 76, 83, 94, 97, 110, 115, 118, 119, 121, 122, 125, 131, 138, 139, 142, 148, 149, 152, 154, 161, 166, 167, 170, 171, 178, 193, 195, 199]
FN client IDs: [15, 18, 30, 33, 39, 40, 53, 58, 60, 65, 67, 71, 85, 88, 93, 135, 145, 157, 169, 192]
