Round: 2
Detected poison: 50
True poison: 40
TP: 14
FP: 36
FN: 26
TN: 124
Precision: 0.280000
Recall: 0.350000
F1: 0.311111
False Positive Rate: 0.225000

TP client IDs: [41, 67, 82, 84, 92, 98, 100, 124, 135, 136, 157, 177, 186, 188]
FP client IDs: [2, 9, 11, 13, 14, 21, 22, 29, 35, 37, 51, 59, 61, 62, 63, 70, 76, 83, 94, 110, 113, 115, 118, 119, 122, 125, 131, 133, 140, 142, 148, 149, 161, 168, 178, 199]
FN client IDs: [15, 18, 19, 30, 33, 39, 40, 43, 47, 53, 58, 60, 65, 71, 81, 85, 87, 88, 89, 93, 95, 145, 169, 173, 183, 192]
