Round: 5
Detected poison: 63
True poison: 40
TP: 18
FP: 45
FN: 22
TN: 115
Precision: 0.285714
Recall: 0.450000
F1: 0.349515
False Positive Rate: 0.281250

TP client IDs: [41, 43, 81, 82, 84, 87, 89, 92, 95, 98, 100, 124, 136, 157, 173, 177, 186, 188]
FP client IDs: [3, 9, 21, 22, 25, 29, 35, 37, 46, 50, 51, 59, 61, 62, 63, 69, 75, 76, 83, 94, 97, 110, 115, 118, 119, 121, 122, 125, 131, 133, 138, 139, 140, 142, 148, 149, 152, 154, 161, 166, 167, 178, 193, 195, 199]
FN client IDs: [15, 18, 19, 30, 33, 39, 40, 47, 53, 58, 60, 65, 67, 71, 85, 88, 93, 135, 145, 169, 183, 192]
