Round: 5
Detected poison: 66
True poison: 100
TP: 33
FP: 33
FN: 67
TN: 67
Precision: 0.500000
Recall: 0.330000
F1: 0.397590
False Positive Rate: 0.330000

TP client IDs: [11, 12, 17, 21, 22, 27, 31, 33, 35, 51, 52, 57, 61, 68, 75, 80, 83, 92, 107, 110, 115, 125, 131, 140, 142, 149, 157, 161, 164, 167, 188, 193, 199]
FP client IDs: [1, 3, 6, 14, 25, 36, 37, 41, 62, 63, 69, 91, 98, 100, 103, 118, 119, 121, 122, 136, 137, 138, 139, 144, 148, 150, 152, 154, 166, 170, 175, 195, 198]
FN client IDs: [7, 9, 10, 13, 16, 18, 19, 28, 29, 30, 34, 40, 43, 45, 47, 50, 59, 60, 64, 67, 70, 71, 76, 77, 79, 82, 84, 86, 89, 93, 94, 95, 97, 99, 101, 102, 104, 109, 111, 113, 114, 123, 124, 126, 129, 134, 147, 153, 156, 158, 159, 160, 162, 169, 172, 173, 176, 177, 179, 180, 181, 182, 183, 184, 185, 187, 190]
