Round: 4
Detected poison: 57
True poison: 100
TP: 28
FP: 29
FN: 72
TN: 71
Precision: 0.491228
Recall: 0.280000
F1: 0.356688
False Positive Rate: 0.290000

TP client IDs: [11, 12, 21, 22, 27, 31, 33, 35, 51, 61, 68, 80, 83, 92, 107, 110, 115, 125, 131, 140, 142, 149, 157, 161, 164, 188, 193, 199]
FP client IDs: [1, 3, 6, 14, 25, 36, 37, 41, 62, 63, 69, 96, 98, 100, 118, 119, 121, 122, 133, 136, 138, 139, 148, 150, 152, 170, 175, 195, 198]
FN client IDs: [7, 9, 10, 13, 16, 17, 18, 19, 28, 29, 30, 34, 40, 43, 45, 47, 50, 52, 57, 59, 60, 64, 67, 70, 71, 75, 76, 77, 79, 82, 84, 86, 89, 93, 94, 95, 97, 99, 101, 102, 104, 109, 111, 113, 114, 123, 124, 126, 129, 134, 147, 153, 156, 158, 159, 160, 162, 167, 169, 172, 173, 176, 177, 179, 180, 181, 182, 183, 184, 185, 187, 190]
