Round: 3
Detected poison: 50
True poison: 100
TP: 24
FP: 26
FN: 76
TN: 74
Precision: 0.480000
Recall: 0.240000
F1: 0.320000
False Positive Rate: 0.260000

TP client IDs: [11, 12, 22, 27, 31, 35, 45, 51, 70, 76, 83, 107, 110, 115, 125, 131, 140, 142, 149, 157, 161, 164, 188, 199]
FP client IDs: [3, 6, 14, 25, 36, 37, 41, 62, 63, 69, 98, 100, 118, 119, 121, 122, 133, 136, 138, 139, 144, 148, 150, 152, 165, 195]
FN client IDs: [7, 9, 10, 13, 16, 17, 18, 19, 21, 28, 29, 30, 33, 34, 40, 43, 47, 50, 52, 57, 59, 60, 61, 64, 67, 68, 71, 75, 77, 79, 80, 82, 84, 86, 89, 92, 93, 94, 95, 97, 99, 101, 102, 104, 109, 111, 113, 114, 123, 124, 126, 129, 134, 147, 153, 156, 158, 159, 160, 162, 167, 169, 172, 173, 176, 177, 179, 180, 181, 182, 183, 184, 185, 187, 190, 193]
