Round: 10
Detected poison: 71
True poison: 100
TP: 31
FP: 40
FN: 69
TN: 60
Precision: 0.436620
Recall: 0.310000
F1: 0.362573
False Positive Rate: 0.400000

TP client IDs: [11, 17, 19, 21, 22, 27, 31, 33, 35, 51, 52, 57, 68, 83, 86, 92, 101, 104, 107, 110, 114, 115, 131, 140, 142, 160, 161, 183, 188, 193, 199]
FP client IDs: [1, 3, 6, 8, 15, 25, 36, 37, 41, 44, 62, 63, 69, 72, 78, 85, 91, 96, 98, 100, 103, 105, 121, 122, 136, 137, 138, 139, 148, 150, 152, 154, 165, 166, 170, 175, 191, 192, 195, 198]
FN client IDs: [7, 9, 10, 12, 13, 16, 18, 28, 29, 30, 34, 40, 43, 45, 47, 50, 59, 60, 61, 64, 67, 70, 71, 75, 76, 77, 79, 80, 82, 84, 89, 93, 94, 95, 97, 99, 102, 109, 111, 113, 123, 124, 125, 126, 129, 134, 147, 149, 153, 156, 157, 158, 159, 162, 164, 167, 169, 172, 173, 176, 177, 179, 180, 181, 182, 184, 185, 187, 190]
