Round: 6
Detected poison: 62
True poison: 100
TP: 29
FP: 33
FN: 71
TN: 67
Precision: 0.467742
Recall: 0.290000
F1: 0.358025
False Positive Rate: 0.330000

TP client IDs: [11, 12, 17, 19, 21, 22, 27, 31, 33, 35, 51, 52, 57, 61, 68, 83, 92, 107, 110, 115, 125, 131, 140, 142, 161, 183, 188, 193, 199]
FP client IDs: [1, 3, 6, 25, 36, 37, 41, 62, 63, 69, 72, 91, 96, 98, 100, 103, 118, 119, 121, 122, 137, 138, 139, 148, 150, 152, 154, 165, 166, 170, 175, 195, 198]
FN client IDs: [7, 9, 10, 13, 16, 18, 28, 29, 30, 34, 40, 43, 45, 47, 50, 59, 60, 64, 67, 70, 71, 75, 76, 77, 79, 80, 82, 84, 86, 89, 93, 94, 95, 97, 99, 101, 102, 104, 109, 111, 113, 114, 123, 124, 126, 129, 134, 147, 149, 153, 156, 157, 158, 159, 160, 162, 164, 167, 169, 172, 173, 176, 177, 179, 180, 181, 182, 184, 185, 187, 190]
