Round: 1
Detected poison: 42
True poison: 100
TP: 19
FP: 23
FN: 81
TN: 77
Precision: 0.452381
Recall: 0.190000
F1: 0.267606
False Positive Rate: 0.230000

TP client IDs: [11, 13, 18, 22, 51, 67, 76, 110, 113, 115, 125, 131, 140, 142, 149, 157, 161, 188, 199]
FP client IDs: [2, 3, 6, 37, 41, 44, 62, 63, 66, 81, 98, 108, 118, 119, 122, 133, 135, 136, 144, 148, 155, 165, 197]
FN client IDs: [7, 9, 10, 12, 16, 17, 19, 21, 27, 28, 29, 30, 31, 33, 34, 35, 40, 43, 45, 47, 50, 52, 57, 59, 60, 61, 64, 68, 70, 71, 75, 77, 79, 80, 82, 83, 84, 86, 89, 92, 93, 94, 95, 97, 99, 101, 102, 104, 107, 109, 111, 114, 123, 124, 126, 129, 134, 147, 153, 156, 158, 159, 160, 162, 164, 167, 169, 172, 173, 176, 177, 179, 180, 181, 182, 183, 184, 185, 187, 190, 193]
