1
3
5
8
9
12
16
17
21
24
25
26
30
32
37
38
40
41
48
49
53
55
57
59
60
62
66
70
73
74
75
87
90
93
96
99
101
103
104
105
112
114
117
118
120
122
131
135
139
141
142
143
144
146
148
149
150
155
156
160
163
165
166
170
173
174
177
181
183
187
188
191
198
205
206
212
213
214
215
218
219
220
222
223
224
225
226
229
230
231
240
242
244
248
249
250
253
257
265
270
273
275
278
283
285
288
297
301
302
306
308
311
312
316
317
319
325
327
329
331
342
347
350
352
357
358
359
363
364
367
368
373
375
376
379
381
382
390
391
397
398
400
401
405
411
414
415
416
417
429
430
431
436
437
438
446
447
453
456
459
460
461
462
463
464
465
466
468
476
477
478
481
488
490
491
492
494
495
500
