3
10
11
14
19
20
23
27
31
34
35
44
47
50
52
54
56
61
64
67
68
69
72
78
81
83
84
85
86
88
89
92
94
95
109
111
115
116
123
124
127
128
129
130
132
133
134
137
138
140
145
147
151
152
153
154
157
158
162
164
167
172
175
180
182
183
189
194
196
197
202
204
207
210
216
217
227
228
232
233
234
235
238
239
251
254
255
260
261
263
264
266
268
272
278
279
286
289
291
293
294
295
298
299
303
304
305
313
315
318
321
322
323
324
325
326
328
333
337
344
346
348
353
355
356
362
370
371
372
374
377
378
383
385
387
388
389
393
394
395
396
402
403
404
406
408
411
413
417
420
423
424
425
426
428
432
434
435
437
439
442
445
449
450
451
454
455
466
467
470
471
472
474
485
486
497
