Round: 7
Detected poison: 179
True poison: 250
TP: 80
FP: 99
FN: 170
TN: 151
Precision: 0.446927
Recall: 0.320000
F1: 0.372960
False Positive Rate: 0.396000

TP client IDs: [3, 12, 16, 17, 24, 26, 30, 32, 38, 40, 48, 57, 66, 70, 74, 96, 99, 103, 104, 105, 114, 117, 122, 131, 135, 143, 146, 148, 149, 160, 163, 170, 174, 183, 188, 205, 212, 214, 218, 220, 223, 230, 242, 244, 249, 250, 257, 273, 278, 285, 297, 301, 308, 325, 329, 352, 359, 367, 368, 373, 379, 390, 397, 401, 411, 416, 417, 429, 430, 437, 438, 453, 460, 462, 463, 466, 476, 481, 492, 495]
FP client IDs: [1, 5, 8, 9, 21, 25, 37, 41, 49, 53, 55, 59, 60, 62, 73, 75, 87, 90, 93, 101, 112, 118, 120, 139, 141, 142, 144, 150, 155, 156, 165, 166, 173, 177, 181, 187, 191, 198, 206, 213, 215, 219, 222, 224, 225, 226, 229, 231, 240, 248, 253, 265, 270, 275, 283, 288, 302, 306, 311, 312, 316, 317, 319, 327, 331, 342, 347, 350, 357, 358, 363, 364, 375, 376, 381, 382, 391, 398, 400, 405, 414, 415, 431, 436, 446, 447, 456, 459, 461, 464, 465, 468, 477, 478, 488, 490, 491, 494, 500]
FN client IDs: [10, 11, 14, 19, 20, 23, 27, 31, 34, 35, 44, 47, 50, 52, 54, 56, 61, 64, 67, 68, 69, 72, 78, 81, 83, 84, 85, 86, 88, 89, 92, 94, 95, 109, 111, 115, 116, 123, 124, 127, 128, 129, 130, 132, 133, 134, 137, 138, 140, 145, 147, 151, 152, 153, 154, 157, 158, 162, 164, 167, 172, 175, 180, 182, 189, 194, 196, 197, 202, 204, 207, 210, 216, 217, 227, 228, 232, 233, 234, 235, 238, 239, 251, 254, 255, 260, 261, 263, 264, 266, 268, 272, 279, 286, 289, 291, 293, 294, 295, 298, 299, 303, 304, 305, 313, 315, 318, 321, 322, 323, 324, 326, 328, 333, 337, 340, 344, 346, 348, 353, 355, 356, 362, 370, 371, 372, 374, 377, 378, 383, 385, 387, 388, 389, 393, 394, 395, 396, 402, 403, 404, 406, 408, 413, 420, 423, 424, 425, 426, 428, 432, 434, 435, 439, 442, 444, 445, 449, 450, 451, 454, 455, 467, 470, 471, 472, 474, 485, 486, 497]
