2
5
6
7
13
15
18
22
25
28
29
33
36
39
42
43
45
46
51
58
59
63
65
71
76
77
79
80
82
91
97
98
100
102
106
107
108
110
113
119
121
125
126
136
139
159
161
168
169
176
179
184
185
186
190
192
193
195
199
200
201
203
206
208
209
211
221
222
226
229
236
237
241
243
245
246
247
252
256
258
259
262
267
269
271
276
277
280
281
284
287
290
292
300
302
307
309
310
311
314
320
330
332
334
335
336
338
339
341
342
343
345
349
351
354
360
361
365
366
369
380
384
386
392
399
407
409
410
412
418
421
422
427
433
440
441
443
448
452
457
458
469
473
475
479
480
482
483
484
487
489
493
496
498
499
