2
4
5
6
7
8
9
13
15
18
22
33
36
37
42
43
45
46
53
58
59
60
65
75
76
77
80
82
87
90
91
93
97
98
102
106
107
108
112
113
120
125
126
136
139
144
155
156
159
166
168
173
176
177
181
184
185
186
190
192
193
195
199
200
201
203
206
208
211
213
219
221
222
226
229
231
236
237
240
241
243
245
246
247
252
253
256
258
259
262
267
269
271
275
277
283
284
287
290
292
296
300
302
307
309
310
314
316
317
319
320
331
334
335
336
338
339
343
345
347
349
351
354
357
360
361
363
365
366
369
380
381
384
386
392
398
399
400
405
407
409
410
414
415
418
419
421
427
433
436
440
441
452
457
458
459
464
469
475
477
478
480
482
483
484
487
489
490
491
493
494
496
498
499
500
