1
4
8
9
12
16
17
21
24
26
30
32
37
38
40
41
48
49
53
55
57
60
62
66
70
73
74
75
87
90
93
96
99
101
103
104
105
112
114
117
118
120
122
135
141
142
143
144
146
148
149
150
151
155
156
163
165
166
170
171
173
174
177
178
181
187
188
191
198
205
212
213
214
215
218
219
224
225
230
231
240
242
244
248
249
250
253
265
270
273
274
275
282
283
285
288
296
297
301
306
308
312
316
317
319
327
329
331
340
347
350
352
355
357
358
359
363
364
367
368
373
375
376
379
381
382
390
391
397
398
400
401
405
414
415
416
419
431
436
444
446
447
453
456
459
460
461
464
465
468
476
477
478
481
488
490
491
492
494
495
500
