Round: 2
Detected poison: 147
True poison: 250
TP: 59
FP: 88
FN: 191
TN: 162
Precision: 0.401361
Recall: 0.236000
F1: 0.297229
False Positive Rate: 0.352000

TP client IDs: [10, 12, 16, 17, 19, 24, 30, 32, 38, 40, 48, 57, 70, 74, 81, 86, 99, 105, 114, 117, 135, 146, 148, 149, 151, 163, 164, 170, 174, 175, 188, 214, 218, 230, 233, 234, 242, 244, 261, 297, 301, 308, 328, 340, 352, 355, 359, 367, 368, 370, 379, 397, 401, 416, 444, 460, 476, 481, 492]
FP client IDs: [1, 2, 8, 21, 28, 29, 39, 41, 49, 53, 55, 60, 62, 73, 75, 90, 100, 101, 106, 118, 121, 141, 142, 144, 150, 155, 156, 165, 166, 171, 177, 178, 179, 181, 185, 187, 191, 198, 215, 219, 224, 225, 229, 240, 245, 248, 265, 267, 270, 281, 282, 283, 288, 296, 306, 312, 316, 319, 320, 327, 331, 332, 339, 341, 347, 350, 358, 364, 375, 376, 382, 391, 398, 405, 415, 422, 431, 447, 456, 461, 465, 468, 488, 490, 491, 494, 499, 500]
FN client IDs: [3, 11, 14, 20, 23, 26, 27, 31, 34, 35, 44, 47, 50, 52, 54, 56, 61, 64, 66, 67, 68, 69, 72, 78, 83, 84, 85, 88, 89, 92, 94, 95, 96, 103, 104, 109, 111, 115, 116, 122, 123, 124, 127, 128, 129, 130, 131, 132, 133, 134, 137, 138, 140, 143, 145, 147, 152, 153, 154, 157, 158, 160, 162, 167, 172, 180, 182, 183, 189, 194, 196, 197, 202, 204, 205, 207, 210, 212, 216, 217, 220, 223, 227, 228, 232, 235, 238, 239, 249, 250, 251, 254, 255, 257, 260, 263, 264, 266, 268, 272, 273, 278, 279, 285, 286, 289, 291, 293, 294, 295, 298, 299, 303, 304, 305, 313, 315, 318, 321, 322, 323, 324, 325, 326, 329, 333, 337, 344, 346, 348, 353, 356, 362, 371, 372, 373, 374, 377, 378, 383, 385, 387, 388, 389, 390, 393, 394, 395, 396, 402, 403, 404, 406, 408, 411, 413, 417, 420, 423, 424, 425, 426, 428, 429, 430, 432, 434, 435, 437, 438, 439, 442, 445, 449, 450, 451, 453, 454, 455, 462, 463, 466, 467, 470, 471, 472, 474, 485, 486, 495, 497]
