Round: 10
Detected poison: 197
True poison: 250
TP: 85
FP: 112
FN: 165
TN: 138
Precision: 0.431472
Recall: 0.340000
F1: 0.380313
False Positive Rate: 0.448000

TP client IDs: [3, 16, 17, 24, 26, 30, 31, 32, 38, 40, 48, 54, 57, 66, 70, 72, 74, 89, 96, 99, 103, 104, 105, 114, 117, 122, 131, 135, 137, 143, 146, 148, 149, 160, 163, 174, 188, 205, 212, 214, 218, 220, 223, 230, 233, 242, 244, 249, 250, 272, 273, 278, 285, 297, 301, 308, 325, 329, 352, 367, 368, 373, 389, 390, 393, 397, 406, 411, 416, 417, 429, 430, 432, 438, 451, 453, 460, 462, 463, 466, 476, 481, 492, 495, 497]
FP client IDs: [5, 8, 9, 15, 21, 25, 29, 33, 37, 41, 49, 53, 55, 59, 60, 62, 73, 75, 76, 87, 90, 93, 101, 112, 113, 118, 120, 139, 141, 142, 144, 150, 155, 156, 159, 165, 166, 173, 177, 181, 187, 193, 198, 201, 206, 213, 215, 219, 222, 224, 225, 226, 231, 236, 240, 247, 248, 253, 265, 270, 275, 277, 283, 288, 302, 306, 311, 312, 316, 317, 319, 327, 331, 342, 347, 350, 357, 358, 363, 364, 375, 376, 381, 382, 384, 386, 391, 398, 399, 400, 405, 414, 415, 421, 427, 431, 433, 443, 446, 456, 464, 465, 468, 477, 478, 479, 488, 489, 490, 491, 494, 500]
FN client IDs: [10, 11, 12, 14, 19, 20, 23, 27, 34, 35, 44, 47, 50, 52, 56, 61, 64, 67, 68, 69, 78, 81, 83, 84, 85, 86, 88, 92, 94, 95, 109, 111, 115, 116, 123, 124, 127, 128, 129, 130, 132, 133, 134, 138, 140, 145, 147, 151, 152, 153, 154, 157, 158, 162, 164, 167, 170, 172, 175, 180, 182, 183, 189, 194, 196, 197, 202, 204, 207, 210, 216, 217, 227, 228, 232, 234, 235, 238, 239, 251, 254, 255, 257, 260, 261, 263, 264, 266, 268, 279, 286, 289, 291, 293, 294, 295, 298, 299, 303, 304, 305, 313, 315, 318, 321, 322, 323, 324, 326, 328, 333, 337, 340, 344, 346, 348, 353, 355, 356, 359, 362, 370, 371, 372, 374, 377, 378, 379, 383, 385, 387, 388, 394, 395, 396, 401, 402, 403, 404, 408, 413, 420, 423, 424, 425, 426, 428, 434, 435, 437, 439, 442, 444, 445, 449, 450, 454, 455, 467, 470, 471, 472, 474, 485, 486]
