3
11
14
20
23
26
27
31
34
35
44
47
50
52
54
56
61
64
66
67
68
69
72
78
83
84
85
88
89
92
94
95
96
103
104
109
111
115
116
122
123
124
127
128
129
130
131
132
133
134
137
138
140
143
145
147
152
153
154
157
158
160
162
167
172
180
182
183
189
194
196
197
202
204
205
207
210
212
216
217
220
223
227
228
232
235
238
239
249
250
251
254
255
257
260
263
264
266
268
272
273
278
279
285
286
289
291
293
294
295
298
299
303
304
305
313
315
318
321
322
323
324
325
326
329
333
337
344
346
348
353
356
362
371
372
373
374
377
378
383
385
387
388
389
390
393
394
395
396
402
403
404
406
408
411
413
417
420
423
424
425
426
428
429
430
432
434
435
437
438
439
442
445
449
450
451
453
454
455
462
463
466
467
470
471
472
474
485
486
495
497
