1
2
8
10
12
16
17
19
21
24
28
29
30
32
38
39
40
41
48
49
53
55
57
60
62
70
73
74
75
81
86
90
99
100
101
105
106
114
117
118
121
135
141
142
144
146
148
149
150
151
155
156
163
164
165
166
170
171
174
175
177
178
179
181
185
187
188
191
198
214
215
218
219
224
225
229
230
233
234
240
242
244
245
248
261
265
267
270
281
282
283
288
296
297
301
306
308
312
316
319
320
327
328
331
332
339
340
341
347
350
352
355
358
359
364
367
368
370
375
376
379
382
391
397
398
401
405
415
416
422
431
444
447
456
460
461
465
468
476
481
488
490
491
492
494
499
500
