1
2
4
6
7
13
18
22
28
29
36
39
42
43
45
46
51
58
63
65
71
77
79
80
82
91
97
98
100
102
106
107
108
110
119
121
125
126
136
161
168
169
171
176
178
179
184
186
190
191
192
193
195
199
200
203
208
209
211
221
222
229
237
241
243
245
246
252
256
258
259
262
267
269
271
274
276
280
281
282
284
287
290
292
296
300
307
309
310
314
320
330
332
335
336
338
339
341
343
345
349
351
354
360
361
363
365
366
369
380
392
407
409
410
412
418
419
421
422
427
433
436
440
441
448
452
457
458
459
461
469
473
475
480
482
483
484
487
493
496
498
499
