3
11
14
17
20
23
24
27
31
32
34
35
38
40
44
47
50
52
54
56
61
64
66
67
68
69
70
72
78
81
83
84
85
88
89
92
94
95
96
103
104
105
109
111
114
115
116
122
123
124
127
128
129
130
131
132
133
134
138
140
145
146
147
148
152
153
154
157
158
162
164
167
172
180
183
189
194
196
197
202
204
205
207
210
212
214
217
220
223
227
228
232
235
238
239
242
250
251
254
255
260
263
264
266
268
272
273
278
279
285
286
289
291
293
294
295
298
299
303
304
305
308
313
315
318
321
322
323
324
325
326
328
333
337
344
346
348
353
355
356
362
370
371
372
374
377
378
383
385
387
388
389
390
393
394
395
396
397
401
402
403
404
406
408
413
417
420
423
424
425
426
428
429
430
432
434
435
437
438
439
442
445
449
450
451
453
454
455
460
462
463
466
467
470
472
485
486
495
497
