1
2
8
9
12
16
17
21
24
26
28
29
30
32
38
40
41
48
49
53
55
57
60
62
70
73
74
75
86
90
93
99
100
101
105
106
114
117
118
120
133
135
141
142
144
146
148
149
150
151
155
156
163
164
165
166
170
171
174
175
177
178
179
181
185
187
188
191
198
214
215
218
219
224
225
230
242
244
248
253
265
270
275
282
283
288
296
297
300
301
306
308
312
316
317
319
327
328
329
331
332
340
341
347
350
352
355
358
359
363
364
367
368
375
376
379
382
391
397
398
401
405
415
416
419
431
442
444
447
453
456
460
461
465
468
474
476
481
488
490
491
492
494
499
500
