Round: 4
Detected poison: 148
True poison: 250
TP: 57
FP: 91
FN: 193
TN: 159
Precision: 0.385135
Recall: 0.228000
F1: 0.286432
False Positive Rate: 0.364000

TP client IDs: [12, 16, 17, 24, 26, 30, 32, 35, 38, 40, 48, 57, 70, 74, 99, 103, 104, 105, 114, 117, 135, 143, 146, 148, 149, 151, 163, 170, 174, 188, 214, 218, 230, 242, 244, 297, 301, 308, 340, 352, 355, 359, 367, 368, 373, 379, 390, 397, 401, 416, 442, 444, 453, 460, 476, 481, 492]
FP client IDs: [1, 2, 4, 8, 9, 21, 28, 29, 41, 49, 53, 55, 60, 62, 73, 75, 90, 93, 101, 106, 118, 120, 141, 142, 144, 150, 155, 156, 165, 166, 171, 173, 177, 178, 181, 185, 187, 191, 198, 213, 215, 219, 224, 225, 231, 248, 253, 265, 270, 274, 275, 280, 282, 283, 288, 296, 306, 312, 316, 317, 319, 327, 331, 347, 350, 358, 363, 364, 375, 376, 381, 382, 391, 398, 400, 405, 414, 415, 419, 431, 447, 456, 461, 465, 468, 488, 490, 491, 494, 499, 500]
FN client IDs: [3, 10, 11, 14, 19, 20, 23, 27, 31, 34, 44, 47, 50, 52, 54, 56, 61, 64, 66, 67, 68, 69, 72, 78, 81, 83, 84, 85, 86, 88, 89, 92, 94, 95, 96, 109, 111, 115, 116, 122, 123, 124, 127, 128, 129, 130, 131, 132, 133, 134, 137, 138, 140, 145, 147, 152, 153, 154, 157, 158, 160, 162, 164, 167, 172, 175, 180, 182, 183, 189, 194, 196, 197, 202, 204, 205, 207, 210, 212, 216, 217, 220, 223, 227, 228, 232, 233, 234, 235, 238, 239, 249, 250, 251, 254, 255, 257, 260, 261, 263, 264, 266, 268, 272, 273, 278, 279, 285, 286, 289, 291, 293, 294, 295, 298, 299, 303, 304, 305, 313, 315, 318, 321, 322, 323, 324, 325, 326, 328, 329, 333, 337, 344, 346, 348, 353, 356, 362, 370, 371, 372, 374, 377, 378, 383, 385, 387, 388, 389, 393, 394, 395, 396, 402, 403, 404, 406, 408, 411, 413, 417, 420, 423, 424, 425, 426, 428, 429, 430, 432, 434, 435, 437, 438, 439, 445, 449, 450, 451, 454, 455, 462, 463, 466, 467, 470, 471, 472, 474, 485, 486, 495, 497]
