10
11
12
14
19
20
23
27
31
34
35
44
47
50
52
56
61
64
67
68
69
72
78
81
83
84
85
86
88
92
94
95
109
111
115
116
123
124
127
128
129
130
132
133
134
137
138
140
145
147
151
152
153
154
157
158
162
164
167
170
172
175
180
182
183
189
194
196
197
202
204
207
210
216
217
227
228
233
234
235
238
251
254
255
257
260
261
263
264
266
268
279
286
289
291
293
294
295
298
299
303
304
305
313
315
318
321
322
323
324
326
328
333
337
340
344
346
348
353
355
356
359
362
370
371
372
374
377
378
379
383
385
387
388
389
394
395
396
402
403
404
406
408
413
420
423
424
425
426
428
434
435
439
442
444
445
449
450
454
455
467
470
471
472
474
485
486
