3
5
8
9
15
16
17
21
24
25
26
30
32
33
37
38
40
41
48
49
53
54
55
57
59
60
62
66
70
73
74
75
76
87
89
90
93
96
99
101
103
104
105
112
113
114
117
118
120
122
131
135
139
141
142
143
144
146
148
149
150
155
156
159
160
163
165
166
173
174
177
181
185
187
188
198
201
205
206
212
213
214
215
218
219
220
223
224
225
226
230
231
232
236
239
240
242
244
247
248
249
250
253
265
270
272
273
275
277
278
283
285
288
297
301
302
306
308
311
312
316
317
319
325
327
329
331
334
342
347
350
352
357
358
364
367
368
373
375
376
381
382
384
386
390
391
393
397
398
399
400
401
405
411
414
415
416
417
429
430
431
432
437
438
443
446
447
451
453
456
460
462
463
464
465
466
468
476
477
478
479
481
488
489
490
491
492
494
495
497
500
