Round: 8
Detected poison: 71
True poison: 0
TP: 0
FP: 71
FN: 0
TN: 129
Precision: 0.000000
Recall: 0.000000
F1: 0.000000
False Positive Rate: 0.355000

TP client IDs: []
FP client IDs: [3, 9, 11, 14, 15, 17, 21, 22, 27, 28, 29, 33, 35, 37, 41, 50, 59, 61, 62, 63, 65, 66, 68, 69, 75, 76, 77, 81, 83, 84, 93, 97, 98, 100, 110, 111, 115, 119, 121, 122, 124, 125, 127, 131, 136, 138, 139, 140, 142, 148, 149, 151, 152, 154, 161, 164, 166, 170, 171, 174, 175, 178, 179, 186, 188, 192, 193, 195, 198, 199, 200]
FN client IDs: []
