Round: 9
Detected poison: 70
True poison: 0
TP: 0
FP: 70
FN: 0
TN: 130
Precision: 0.000000
Recall: 0.000000
F1: 0.000000
False Positive Rate: 0.350000

TP client IDs: []
FP client IDs: [3, 9, 11, 14, 15, 17, 21, 22, 27, 28, 29, 33, 35, 37, 41, 43, 50, 59, 61, 62, 63, 66, 68, 69, 75, 76, 77, 81, 83, 93, 97, 98, 100, 104, 107, 110, 111, 115, 119, 121, 122, 125, 131, 136, 138, 139, 140, 142, 148, 149, 152, 154, 161, 164, 166, 170, 171, 174, 175, 178, 179, 180, 186, 188, 192, 193, 195, 198, 199, 200]
FN client IDs: []
