Round: 3
Detected poison: 220
True poison: 250
TP: 220
FP: 0
FN: 30
TN: 250
Precision: 1.000000
Recall: 0.880000
F1: 0.936170
False Positive Rate: 0.000000

TP client IDs: [3, 10, 11, 14, 16, 17, 19, 20, 23, 24, 26, 30, 31, 32, 34, 35, 38, 40, 44, 48, 52, 54, 56, 57, 61, 64, 66, 67, 68, 69, 70, 72, 74, 81, 83, 84, 86, 88, 89, 94, 95, 96, 99, 104, 105, 109, 111, 114, 115, 117, 122, 123, 127, 128, 129, 130, 132, 133, 134, 135, 137, 138, 140, 143, 146, 148, 149, 151, 152, 153, 154, 157, 160, 162, 163, 164, 167, 170, 172, 174, 175, 180, 182, 183, 188, 189, 194, 196, 197, 204, 205, 207, 210, 212, 214, 216, 217, 218, 220, 223, 227, 228, 230, 232, 233, 234, 235, 238, 239, 242, 244, 249, 250, 254, 257, 260, 261, 263, 264, 266, 268, 278, 279, 286, 289, 291, 293, 294, 295, 297, 298, 299, 301, 303, 304, 305, 308, 313, 318, 321, 322, 323, 324, 326, 328, 329, 333, 337, 340, 344, 346, 348, 352, 353, 355, 356, 359, 362, 367, 368, 370, 372, 373, 374, 377, 378, 379, 385, 387, 389, 390, 393, 395, 397, 401, 402, 403, 404, 406, 408, 411, 413, 416, 417, 420, 423, 424, 425, 426, 428, 429, 430, 432, 434, 435, 437, 438, 439, 444, 445, 449, 450, 451, 454, 455, 460, 462, 463, 466, 470, 471, 472, 474, 476, 481, 485, 486, 492, 495, 497]
FP client IDs: []
FN client IDs: [12, 27, 47, 50, 78, 85, 92, 103, 116, 124, 131, 145, 147, 158, 202, 251, 255, 272, 273, 285, 315, 325, 371, 383, 388, 394, 396, 442, 453, 467]
