3
10
11
12
14
16
17
19
20
23
24
26
27
30
31
32
34
35
38
40
44
47
48
50
52
54
56
57
61
64
66
67
68
69
70
72
74
78
81
83
84
85
86
88
89
92
94
95
96
99
103
104
105
109
111
114
115
116
117
122
123
124
127
128
129
130
131
132
133
134
135
137
138
140
143
145
146
147
148
149
151
152
153
154
157
158
160
162
163
164
167
170
172
174
175
180
182
183
188
189
194
196
197
202
204
205
207
210
212
214
216
217
218
220
223
227
228
230
232
233
234
235
238
239
242
244
249
250
251
254
255
257
260
261
263
264
266
268
272
273
278
279
285
286
289
291
293
294
295
297
298
299
301
303
304
305
308
313
315
318
321
322
323
324
325
326
328
329
333
337
340
344
346
348
352
353
355
356
359
362
367
368
370
371
372
373
374
377
378
379
383
385
387
388
389
390
393
394
395
396
397
401
402
403
404
406
408
411
413
416
417
420
423
424
425
426
428
429
430
432
434
435
437
438
439
442
444
445
449
450
451
453
454
455
460
462
463
466
467
470
471
472
474
476
481
485
486
492
495
497
