1
2
4
5
6
7
8
9
13
15
18
21
22
25
28
29
33
36
37
39
41
42
43
45
46
49
51
53
55
58
59
60
62
63
65
71
73
75
76
77
79
80
82
87
90
91
93
97
98
100
101
102
106
107
108
110
112
113
118
119
120
121
125
126
136
139
141
142
144
150
155
156
159
161
165
166
168
169
171
173
176
177
178
179
181
184
185
186
187
190
191
192
193
195
198
199
200
201
203
206
208
209
211
213
215
219
221
222
224
225
226
229
231
236
237
240
241
243
245
246
247
248
252
253
256
258
259
262
265
267
269
270
271
274
275
276
277
280
281
282
283
284
287
288
290
292
296
300
302
306
307
309
310
311
312
314
316
317
319
320
327
330
331
332
334
335
336
338
339
341
342
343
345
347
349
350
351
354
357
360
361
363
364
365
366
369
375
376
380
381
382
384
386
391
392
398
399
400
405
407
409
410
412
414
415
418
419
421
422
427
431
433
436
440
441
443
446
447
448
452
456
457
458
459
461
464
465
468
469
473
475
477
478
479
480
482
483
484
487
488
489
490
491
493
494
496
498
499
500
