1
2
4
5
6
7
8
9
11
13
15
16
17
18
20
22
26
28
29
31
32
34
36
37
41
44
51
55
56
57
58
60
63
64
67
68
72
74
76
77
78
79
81
82
83
86
87
88
89
90
92
93
95
97
98
99
102
104
107
110
113
116
117
120
123
124
126
128
129
131
132
135
137
139
140
143
144
145
147
148
155
157
159
160
162
163
165
172
173
175
179
181
182
183
187
188
189
190
192
193
198
199
200
204
205
214
217
219
221
227
231
232
235
237
240
241
243
244
246
248
250
251
252
253
255
258
259
260
263
264
265
266
268
270
271
272
273
275
278
280
282
284
286
291
292
294
295
296
299
300
305
306
309
311
313
314
315
316
320
323
325
326
329
331
333
335
336
337
340
341
342
345
346
347
348
349
351
352
354
356
363
365
369
371
372
373
374
376
378
379
380
381
388
390
391
392
394
395
396
398
399
400
401
402
404
406
408
409
412
415
418
419
420
421
422
423
426
431
432
436
437
438
441
446
447
452
453
454
459
460
462
463
465
467
468
470
471
473
474
479
482
484
487
490
491
493
496
497
498
