3
14
21
23
30
35
38
39
40
43
45
46
49
50
52
53
54
59
61
62
65
66
69
70
71
75
80
84
85
87
91
94
96
101
103
105
108
109
111
112
114
119
125
127
130
134
141
142
146
154
156
169
171
177
178
180
184
191
194
195
206
208
211
216
218
223
225
226
228
229
230
233
236
238
245
257
261
274
276
279
285
287
288
290
293
298
301
302
303
307
310
312
321
327
328
330
332
339
343
357
360
361
362
364
366
368
370
375
383
387
389
397
405
407
410
411
417
428
429
433
434
439
440
442
444
445
455
457
461
464
472
476
477
478
486
488
489
492
495
499
