3
10
12
14
19
21
23
24
25
27
30
33
35
38
42
45
46
47
48
49
50
52
53
54
59
61
62
65
66
69
71
73
75
80
84
85
91
94
96
100
101
103
106
109
111
112
114
115
118
119
122
125
127
130
132
133
136
138
141
142
146
148
149
150
151
152
153
154
156
161
164
166
167
168
169
170
171
174
176
177
178
180
184
185
186
191
194
195
196
201
202
203
206
207
208
209
210
211
212
213
216
218
222
223
224
225
226
228
229
230
233
234
238
239
242
245
247
253
254
256
257
262
267
269
274
276
277
279
281
283
285
287
288
289
290
293
297
298
301
303
304
307
308
310
317
318
319
321
322
327
328
330
332
334
338
339
343
344
350
353
355
357
358
359
360
361
362
364
366
367
368
370
375
377
383
384
385
386
387
389
393
397
403
405
407
411
413
414
417
424
425
427
428
429
430
433
434
435
439
440
442
443
444
445
448
449
451
455
456
457
458
461
466
472
475
476
477
478
480
481
483
485
486
488
489
492
494
495
499
500
