1
2
4
8
12
16
17
21
26
28
29
32
33
37
38
39
40
41
43
44
48
49
54
55
59
66
72
73
74
75
83
89
96
99
101
104
105
112
114
117
118
120
121
122
124
129
131
135
136
137
141
142
143
144
148
150
151
160
162
165
166
168
169
170
174
175
178
180
181
183
187
188
192
198
203
205
212
218
219
222
223
225
230
233
234
236
242
244
248
251
257
264
265
267
268
270
272
273
274
275
281
283
284
285
288
289
292
297
298
301
306
307
308
313
316
317
319
321
322
327
329
335
337
338
340
345
350
352
358
359
363
364
367
368
373
381
382
387
391
393
397
398
399
400
401
402
405
411
415
416
417
418
419
427
431
432
438
439
445
452
453
456
457
459
460
462
463
468
471
476
481
482
488
492
493
494
498
500
