1
2
12
16
17
19
20
21
26
28
29
30
32
34
40
41
44
48
49
53
55
57
62
73
74
96
100
101
105
117
118
120
129
133
135
137
141
142
143
146
148
150
151
157
160
163
164
165
169
170
171
174
178
183
187
188
191
198
212
215
218
219
225
230
233
234
236
244
248
249
250
261
265
267
270
274
276
281
282
290
297
301
306
307
308
312
316
319
321
327
329
330
335
339
340
341
342
345
350
352
358
359
364
367
368
370
373
379
382
385
391
398
401
408
411
413
416
419
420
422
431
432
435
444
447
449
456
457
460
465
468
471
474
476
481
488
492
