1
2
12
16
17
19
21
26
28
29
30
32
38
40
41
44
48
49
53
55
57
73
74
80
93
96
98
99
100
101
105
109
114
117
118
120
129
133
135
137
141
142
143
144
146
148
150
151
157
160
163
164
165
166
169
170
171
174
178
183
187
188
191
198
212
218
219
225
230
233
234
242
244
248
249
250
261
265
267
268
270
274
276
281
288
290
297
300
301
306
307
308
312
316
319
321
327
329
330
335
337
340
341
345
350
352
358
359
364
367
368
370
373
379
382
391
398
400
401
405
408
411
413
415
416
419
422
431
432
435
438
444
447
456
457
460
465
468
471
474
476
481
488
492
