Round: 1
Detected poison: 111
True poison: 0
TP: 0
FP: 111
FN: 0
TN: 389
Precision: 0.000000
Recall: 0.000000
F1: 0.000000
False Positive Rate: 0.222000

TP client IDs: []
FP client IDs: [1, 2, 10, 12, 16, 26, 28, 29, 30, 32, 39, 41, 44, 48, 62, 69, 73, 74, 86, 96, 100, 101, 117, 118, 129, 133, 137, 139, 142, 143, 149, 150, 151, 157, 160, 163, 165, 169, 170, 171, 174, 178, 183, 188, 191, 198, 212, 218, 225, 230, 233, 234, 236, 244, 249, 250, 251, 261, 265, 271, 274, 276, 281, 282, 290, 291, 297, 301, 306, 311, 312, 327, 329, 330, 339, 340, 341, 342, 345, 346, 350, 352, 358, 359, 364, 368, 373, 379, 382, 385, 411, 412, 416, 420, 422, 431, 432, 444, 447, 449, 456, 459, 465, 468, 470, 471, 474, 476, 488, 489, 492]
FN client IDs: []
