3
5
6
7
9
10
11
13
14
15
18
19
20
22
23
24
25
27
30
31
34
35
36
42
45
46
47
50
51
52
53
56
57
58
60
61
62
63
64
65
67
68
69
70
71
76
77
79
80
81
82
84
85
86
87
88
90
91
92
93
94
95
96
97
98
100
102
103
106
107
108
109
110
111
113
115
116
119
123
125
126
127
128
130
132
133
134
138
139
140
145
146
147
149
152
153
154
155
156
157
158
159
161
163
164
167
171
172
173
176
177
182
184
185
186
189
190
191
193
194
195
196
197
199
200
201
202
204
206
207
208
209
210
211
213
215
216
221
224
226
227
228
229
231
232
233
235
237
238
239
240
241
243
245
246
249
250
252
254
255
256
258
259
260
261
262
263
264
266
268
269
271
276
277
279
280
282
286
287
290
291
293
294
295
296
299
300
302
303
304
305
306
309
310
311
312
314
315
318
320
323
324
325
326
328
330
331
332
333
334
336
339
341
342
343
344
346
347
348
349
351
353
355
356
357
360
361
362
365
366
369
370
371
372
374
375
376
377
378
379
380
383
384
385
386
388
389
390
392
394
395
396
403
404
406
407
408
409
410
412
413
414
420
421
422
423
424
425
426
428
429
430
433
434
435
437
440
441
442
443
444
446
447
448
449
450
451
454
455
458
461
465
466
467
469
470
472
474
475
477
478
479
480
483
484
485
486
487
490
491
495
496
497
499
