3
5
6
7
8
10
11
13
14
15
18
19
20
22
23
24
25
27
30
31
33
34
35
36
42
45
46
47
50
51
52
56
57
58
60
61
62
63
64
65
67
68
69
70
71
76
77
78
79
81
82
84
85
86
87
88
89
90
91
92
93
94
95
97
98
100
102
103
106
107
108
110
111
113
115
119
123
124
125
126
127
128
130
132
133
134
136
138
139
140
145
146
147
149
152
153
154
155
156
157
158
159
161
163
167
171
172
173
176
177
179
180
181
182
184
185
186
189
190
191
192
193
194
195
196
197
199
200
201
202
204
206
207
208
209
210
211
213
214
215
216
217
220
221
224
226
227
228
229
231
232
235
237
238
239
240
241
243
245
246
247
250
252
253
254
255
256
258
259
260
261
262
263
266
269
271
276
277
278
279
280
282
285
286
287
289
290
291
293
294
295
296
299
302
303
304
305
309
310
311
312
313
314
315
317
318
320
323
324
325
326
328
330
331
332
333
334
336
337
339
341
342
343
344
346
347
348
349
351
353
354
355
356
357
360
361
362
365
366
369
370
371
372
374
375
376
377
378
379
380
383
384
385
386
387
388
389
390
392
393
394
395
396
399
402
403
404
406
407
409
410
412
413
414
420
421
422
424
425
426
428
429
430
433
434
435
436
437
439
440
441
442
443
445
446
447
448
449
450
451
453
454
455
458
461
464
466
467
469
470
472
473
475
477
478
479
480
483
484
485
486
487
489
490
491
493
495
496
497
499
500
