3
4
5
6
7
8
9
10
11
13
14
15
18
20
22
23
24
25
27
31
33
34
35
36
37
39
42
43
45
46
47
50
51
52
54
56
58
59
60
61
62
63
64
65
66
67
68
69
70
71
72
75
76
77
78
79
81
82
83
84
85
86
87
88
89
90
91
92
94
95
97
102
103
104
106
107
108
110
111
112
113
115
116
119
121
122
123
124
125
126
127
128
130
131
132
134
136
138
139
140
145
147
149
152
153
154
155
156
158
159
161
162
167
168
172
173
175
176
177
179
180
181
182
184
185
186
189
190
192
193
194
195
196
197
199
200
201
202
203
204
205
206
207
208
209
210
211
213
214
215
216
217
220
221
222
223
224
226
227
228
229
231
232
235
236
237
238
239
240
241
243
245
246
247
251
252
253
254
255
256
257
258
259
260
262
263
264
266
269
271
272
273
275
277
278
279
280
282
283
284
285
286
287
289
291
292
293
294
295
296
298
299
302
303
304
305
309
310
311
313
314
315
317
318
320
322
323
324
325
326
328
331
332
333
334
336
338
339
342
343
344
346
347
348
349
351
353
354
355
356
357
360
361
362
363
365
366
369
371
372
374
375
376
377
378
380
381
383
384
385
386
387
388
389
390
392
393
394
395
396
397
399
402
403
404
406
407
409
410
412
414
417
418
420
421
423
424
425
426
427
428
429
430
433
434
436
437
439
440
441
442
443
445
446
448
449
450
451
452
453
454
455
458
459
461
462
463
464
466
467
469
470
472
473
475
477
478
479
480
482
483
484
485
486
487
489
490
491
493
494
495
496
497
498
499
500
