Round: 10
Detected poison: 189
True poison: 0
TP: 0
FP: 189
FN: 0
TN: 311
Precision: 0.000000
Recall: 0.000000
F1: 0.000000
False Positive Rate: 0.378000

TP client IDs: []
FP client IDs: [1, 2, 3, 4, 8, 12, 16, 17, 21, 26, 28, 29, 32, 37, 38, 39, 40, 41, 44, 48, 49, 54, 55, 59, 63, 66, 72, 73, 74, 75, 78, 81, 83, 89, 99, 102, 104, 105, 112, 114, 117, 118, 120, 121, 122, 124, 129, 131, 135, 137, 141, 142, 143, 144, 148, 150, 151, 160, 162, 165, 166, 168, 169, 170, 174, 175, 178, 179, 180, 181, 183, 187, 188, 192, 198, 199, 203, 205, 212, 214, 217, 218, 219, 220, 222, 223, 225, 230, 234, 236, 242, 244, 247, 248, 251, 253, 257, 265, 267, 270, 272, 273, 274, 275, 278, 281, 283, 284, 285, 288, 289, 292, 297, 298, 301, 307, 308, 313, 316, 317, 319, 321, 322, 327, 329, 335, 337, 338, 340, 345, 350, 352, 354, 358, 359, 363, 364, 367, 368, 373, 381, 382, 387, 389, 391, 393, 394, 397, 398, 399, 400, 401, 402, 405, 411, 415, 416, 417, 418, 427, 431, 436, 438, 439, 445, 452, 453, 456, 457, 459, 460, 462, 463, 464, 468, 469, 471, 473, 476, 481, 482, 488, 489, 492, 493, 494, 496, 498, 500]
FN client IDs: []
