1
2
12
16
17
19
21
26
28
29
32
37
38
40
41
44
48
49
53
55
57
59
72
73
74
80
93
96
99
100
101
105
109
112
114
117
118
120
122
129
131
133
135
137
141
142
143
144
146
148
150
151
157
160
163
164
165
166
168
169
170
171
174
178
183
187
188
198
203
205
212
218
219
222
223
225
230
233
234
244
248
249
251
257
265
267
268
270
273
274
276
281
283
285
288
297
300
301
306
307
308
312
316
319
321
322
327
329
335
337
338
340
345
350
352
358
359
363
364
367
368
370
373
379
382
391
397
398
401
405
408
411
413
415
416
419
423
431
432
438
444
447
456
457
459
460
465
468
474
476
481
482
488
492
494
