Round: 6
Detected poison: 169
True poison: 0
TP: 0
FP: 169
FN: 0
TN: 331
Precision: 0.000000
Recall: 0.000000
F1: 0.000000
False Positive Rate: 0.338000

TP client IDs: []
FP client IDs: [1, 2, 4, 9, 12, 16, 17, 21, 26, 28, 29, 32, 37, 38, 39, 40, 41, 43, 44, 48, 49, 53, 54, 55, 59, 66, 72, 73, 74, 75, 80, 83, 96, 99, 101, 104, 105, 109, 112, 114, 116, 117, 118, 120, 121, 122, 129, 131, 135, 137, 141, 142, 143, 144, 148, 150, 151, 160, 162, 164, 165, 166, 168, 169, 170, 174, 175, 178, 183, 187, 188, 198, 203, 205, 212, 218, 219, 222, 223, 225, 230, 233, 234, 236, 242, 244, 248, 249, 251, 257, 264, 265, 267, 268, 270, 272, 273, 274, 275, 281, 283, 284, 288, 292, 297, 298, 300, 301, 306, 307, 308, 316, 319, 321, 322, 327, 329, 335, 338, 340, 345, 350, 352, 358, 359, 363, 364, 367, 368, 373, 381, 382, 391, 397, 398, 400, 401, 405, 408, 411, 415, 416, 417, 418, 419, 423, 427, 431, 432, 438, 444, 452, 456, 457, 459, 460, 462, 463, 465, 468, 471, 474, 476, 481, 482, 488, 492, 494, 498]
FN client IDs: []
