1
2
3
4
5
6
7
8
9
10
11
12
13
14
15
16
17
18
19
21
22
23
24
25
26
27
29
30
32
33
34
37
38
41
42
44
45
46
47
49
50
51
52
53
55
56
57
58
59
60
61
63
64
65
66
68
69
72
74
75
76
77
79
80
81
82
84
85
86
87
89
91
92
93
94
95
96
97
98
100
101
102
103
104
105
106
107
108
110
111
112
113
114
115
116
117
118
119
121
123
124
125
126
127
128
129
130
131
132
133
134
135
136
137
138
139
140
141
142
143
145
146
147
148
149
150
151
154
155
156
159
160
161
162
163
164
166
167
168
169
171
173
175
177
179
180
181
182
183
184
185
186
187
188
189
193
194
196
197
198
199
201
202
203
204
205
206
207
208
209
210
213
216
218
220
222
223
224
225
226
228
229
230
231
232
233
235
236
237
238
239
240
242
243
244
245
246
247
248
249
251
252
253
254
255
256
257
258
259
260
261
262
263
265
266
267
268
269
270
272
273
274
276
277
279
280
281
282
283
284
286
287
288
289
290
291
292
293
294
295
296
297
299
300
301
302
303
307
308
309
310
313
314
317
319
320
321
323
324
325
326
329
330
331
332
334
335
337
338
339
344
346
347
348
350
354
355
356
357
358
359
360
361
362
364
365
366
367
368
369
370
371
372
373
374
377
378
379
380
381
382
383
384
385
386
389
390
391
392
394
395
397
398
399
400
403
405
406
407
409
410
411
412
413
414
416
417
418
419
420
421
422
424
427
428
429
430
431
432
434
435
436
437
438
439
440
441
442
443
444
446
447
448
450
451
452
454
455
456
457
458
459
460
461
462
463
464
465
466
467
468
470
471
472
473
474
475
478
479
480
481
484
485
486
487
488
490
491
492
493
495
496
497
498
499
500
