Round: 2
Detected poison: 104
True poison: 100
TP: 29
FP: 75
FN: 71
TN: 325
Precision: 0.278846
Recall: 0.290000
F1: 0.284314
False Positive Rate: 0.187500

TP client IDs: [20, 35, 59, 73, 74, 94, 120, 133, 136, 141, 144, 166, 214, 235, 248, 261, 267, 270, 296, 313, 340, 390, 416, 431, 432, 444, 455, 484, 491]
FP client IDs: [1, 16, 19, 21, 26, 28, 29, 30, 32, 39, 40, 41, 48, 50, 53, 55, 60, 62, 86, 101, 117, 135, 142, 143, 146, 149, 160, 161, 163, 164, 165, 170, 171, 174, 188, 198, 207, 212, 219, 225, 230, 233, 234, 249, 265, 282, 297, 308, 312, 321, 327, 330, 339, 341, 350, 352, 358, 359, 360, 368, 373, 375, 379, 382, 385, 401, 405, 411, 447, 456, 465, 468, 476, 488, 492]
FN client IDs: [33, 68, 69, 82, 88, 90, 92, 96, 110, 111, 112, 115, 121, 134, 137, 139, 150, 158, 176, 191, 199, 203, 206, 208, 228, 236, 237, 241, 243, 244, 247, 250, 255, 260, 275, 276, 277, 278, 280, 284, 285, 287, 288, 289, 300, 314, 326, 329, 333, 336, 342, 343, 345, 349, 357, 366, 369, 377, 394, 399, 424, 425, 428, 438, 463, 471, 472, 474, 479, 489, 500]
