Round: 7
Detected poison: 166
True poison: 100
TP: 60
FP: 106
FN: 40
TN: 294
Precision: 0.361446
Recall: 0.600000
F1: 0.451128
False Positive Rate: 0.265000

TP client IDs: [20, 33, 35, 59, 73, 74, 82, 88, 94, 96, 112, 120, 121, 133, 134, 136, 137, 139, 141, 144, 150, 166, 206, 208, 214, 228, 235, 236, 244, 248, 250, 255, 261, 267, 270, 275, 278, 280, 284, 285, 289, 296, 313, 326, 329, 342, 345, 369, 390, 399, 416, 424, 431, 432, 438, 444, 455, 484, 491, 500]
FP client IDs: [3, 8, 9, 12, 14, 16, 17, 21, 26, 32, 34, 37, 38, 40, 41, 43, 48, 50, 54, 55, 57, 60, 62, 66, 75, 87, 99, 101, 103, 105, 108, 114, 117, 118, 122, 129, 131, 135, 142, 143, 148, 149, 152, 155, 156, 160, 164, 174, 177, 181, 183, 187, 188, 192, 198, 205, 207, 218, 219, 223, 225, 230, 233, 249, 257, 265, 273, 297, 308, 319, 327, 331, 352, 358, 367, 368, 371, 373, 375, 381, 382, 387, 391, 397, 398, 400, 401, 405, 411, 437, 439, 442, 445, 453, 456, 459, 462, 465, 468, 476, 481, 488, 492, 493, 494, 496]
FN client IDs: [68, 69, 90, 92, 110, 111, 115, 158, 176, 191, 199, 203, 237, 241, 243, 247, 260, 276, 277, 287, 288, 300, 314, 333, 336, 340, 343, 349, 357, 366, 377, 394, 425, 428, 463, 471, 472, 474, 479, 489]
