1
4
9
12
16
17
19
20
21
26
29
30
32
33
35
37
38
40
41
48
50
55
57
59
60
62
66
73
74
80
94
96
99
101
103
105
117
118
120
121
122
129
133
134
135
136
137
141
142
143
144
146
148
149
150
160
161
163
164
165
166
170
171
174
183
187
188
198
200
202
205
207
208
212
214
215
218
219
225
230
233
235
236
244
248
249
250
254
255
257
261
265
267
270
273
274
275
278
280
282
285
296
297
308
312
313
319
321
326
327
329
337
340
350
352
355
358
359
360
364
368
371
373
375
379
382
390
391
398
399
401
405
411
416
419
431
432
435
442
444
455
456
459
465
468
474
476
481
484
488
491
492
