Round: 10
Detected poison: 182
True poison: 100
TP: 66
FP: 116
FN: 34
TN: 284
Precision: 0.362637
Recall: 0.660000
F1: 0.468085
False Positive Rate: 0.290000

TP client IDs: [20, 33, 35, 59, 69, 73, 74, 82, 88, 94, 96, 112, 120, 121, 133, 134, 136, 137, 141, 144, 150, 166, 191, 203, 206, 208, 214, 228, 235, 236, 243, 244, 248, 250, 255, 261, 267, 270, 275, 276, 278, 280, 285, 287, 289, 296, 313, 326, 329, 333, 345, 369, 390, 399, 416, 424, 431, 432, 438, 444, 455, 463, 484, 489, 491, 500]
FP client IDs: [3, 8, 9, 10, 16, 17, 21, 26, 32, 34, 37, 38, 40, 41, 48, 50, 54, 55, 57, 62, 66, 72, 75, 78, 80, 83, 87, 89, 99, 101, 103, 105, 108, 114, 117, 118, 122, 129, 131, 135, 148, 149, 153, 155, 156, 160, 161, 162, 164, 174, 177, 181, 183, 187, 188, 192, 198, 205, 207, 216, 218, 219, 220, 223, 225, 230, 231, 240, 242, 249, 253, 257, 264, 265, 272, 273, 297, 308, 327, 331, 335, 352, 358, 367, 368, 373, 375, 381, 382, 387, 391, 393, 397, 404, 405, 411, 437, 439, 442, 445, 452, 453, 456, 462, 465, 468, 473, 476, 477, 478, 481, 488, 492, 493, 494, 496]
FN client IDs: [68, 90, 92, 110, 111, 115, 139, 158, 176, 199, 237, 241, 247, 260, 277, 284, 288, 300, 314, 336, 340, 342, 343, 349, 357, 366, 377, 394, 425, 428, 471, 472, 474, 479]
