Round: 8
Detected poison: 174
True poison: 100
TP: 61
FP: 113
FN: 39
TN: 287
Precision: 0.350575
Recall: 0.610000
F1: 0.445255
False Positive Rate: 0.282500

TP client IDs: [20, 33, 35, 59, 73, 74, 82, 88, 94, 96, 112, 120, 121, 133, 134, 136, 137, 139, 141, 144, 150, 166, 203, 206, 208, 214, 228, 235, 236, 244, 248, 250, 255, 261, 267, 270, 275, 278, 280, 285, 289, 296, 313, 326, 329, 333, 345, 369, 390, 399, 416, 424, 431, 432, 438, 444, 455, 471, 484, 491, 500]
FP client IDs: [3, 8, 9, 14, 16, 17, 21, 26, 29, 32, 34, 37, 38, 40, 41, 48, 50, 54, 55, 57, 60, 62, 66, 75, 78, 80, 83, 87, 89, 99, 101, 103, 105, 108, 114, 117, 118, 122, 129, 131, 135, 142, 143, 148, 149, 152, 153, 155, 156, 160, 164, 174, 177, 181, 183, 187, 188, 192, 198, 205, 207, 218, 219, 220, 223, 225, 230, 231, 240, 242, 249, 257, 265, 273, 297, 308, 319, 327, 331, 352, 358, 367, 368, 373, 375, 381, 382, 387, 391, 393, 397, 398, 401, 404, 405, 411, 437, 439, 442, 445, 453, 456, 459, 462, 465, 468, 476, 481, 488, 492, 493, 494, 496]
FN client IDs: [68, 69, 90, 92, 110, 111, 115, 158, 176, 191, 199, 237, 241, 243, 247, 260, 276, 277, 284, 287, 288, 300, 314, 336, 340, 342, 343, 349, 357, 366, 377, 394, 425, 428, 463, 472, 474, 479, 489]
