2
3
4
5
6
7
8
10
11
13
14
15
18
22
23
24
25
27
28
31
34
36
37
39
42
43
44
45
46
47
49
51
52
53
54
56
58
61
63
64
65
66
67
70
71
72
75
76
77
78
79
80
81
83
84
85
86
87
89
91
95
97
98
100
102
104
106
107
108
109
113
114
116
119
122
123
124
125
126
127
128
129
130
131
132
138
140
145
147
151
152
153
154
155
156
157
159
162
167
168
169
172
173
175
177
178
179
180
181
182
183
184
185
186
189
190
192
193
194
195
196
197
201
204
205
209
210
211
213
216
217
220
221
222
223
224
226
227
229
231
232
234
238
239
240
242
245
246
251
252
253
256
257
258
259
262
263
264
266
268
269
271
272
273
274
279
281
283
286
290
291
292
293
294
295
298
299
301
302
303
304
305
306
307
309
310
311
315
316
317
318
320
322
323
324
325
328
331
332
334
335
337
338
339
344
346
347
348
351
353
354
355
356
361
362
363
365
367
370
372
374
376
378
380
381
383
384
385
386
387
388
389
391
392
393
395
396
397
400
402
403
404
406
407
408
409
410
412
413
414
415
417
418
420
421
422
423
426
427
429
430
433
434
435
436
437
439
440
441
442
443
445
446
448
449
450
451
452
453
454
457
458
459
460
461
462
464
466
467
469
470
473
475
477
478
480
482
483
485
486
487
490
493
494
495
496
497
498
499
