Round: 1
Detected poison: 126
True poison: 100
TP: 40
FP: 86
FN: 60
TN: 314
Precision: 0.317460
Recall: 0.400000
F1: 0.353982
False Positive Rate: 0.215000

TP client IDs: [20, 59, 73, 74, 82, 94, 115, 120, 133, 137, 141, 144, 150, 166, 191, 199, 214, 244, 247, 248, 250, 261, 276, 296, 329, 336, 340, 366, 416, 431, 432, 444, 455, 463, 471, 472, 474, 484, 489, 491]
FP client IDs: [1, 10, 12, 16, 19, 26, 28, 29, 30, 34, 39, 41, 48, 60, 62, 63, 72, 86, 101, 117, 123, 127, 129, 142, 143, 149, 151, 157, 160, 161, 163, 165, 170, 171, 172, 174, 183, 188, 198, 225, 230, 233, 234, 249, 257, 265, 272, 281, 282, 290, 291, 297, 298, 312, 321, 322, 327, 330, 339, 341, 346, 348, 350, 352, 358, 359, 360, 368, 373, 379, 382, 385, 396, 411, 412, 422, 447, 449, 456, 459, 465, 468, 470, 473, 488, 492]
FN client IDs: [33, 35, 68, 69, 88, 90, 92, 96, 110, 111, 112, 121, 134, 136, 139, 158, 176, 203, 206, 208, 228, 235, 236, 237, 241, 243, 255, 260, 267, 270, 275, 277, 278, 280, 284, 285, 287, 288, 289, 300, 313, 314, 326, 333, 342, 343, 345, 349, 357, 369, 377, 390, 394, 399, 424, 425, 428, 438, 479, 500]
