1
2
4
5
6
7
8
10
11
13
15
18
19
22
23
24
25
27
28
31
34
36
39
42
44
45
46
47
49
51
52
53
54
56
58
61
63
64
65
67
70
71
72
76
77
78
79
80
81
83
84
85
86
87
89
91
93
95
97
98
100
102
104
106
107
109
113
116
119
123
124
125
126
127
128
130
132
138
140
145
146
147
151
153
154
157
159
161
162
165
167
168
169
170
171
172
173
175
178
179
180
181
182
184
185
186
189
190
193
194
195
196
197
201
202
204
209
210
211
212
213
215
216
217
220
221
222
224
226
227
229
231
232
234
238
239
240
242
245
246
251
252
253
256
258
259
262
263
264
266
268
269
271
272
274
279
281
282
283
286
290
291
292
293
294
295
298
299
301
302
303
304
305
306
307
309
310
311
312
315
316
317
318
320
321
322
323
324
325
328
330
332
334
335
337
338
339
341
344
346
347
348
350
351
353
354
355
356
359
360
361
362
363
364
365
370
372
374
376
378
379
380
383
384
385
386
387
388
389
392
393
395
396
402
403
404
406
407
408
409
410
412
413
414
415
417
418
419
420
421
422
423
426
427
429
430
433
434
436
439
440
441
443
446
447
448
449
450
451
452
454
457
458
460
461
462
464
466
467
469
470
473
475
477
478
480
482
483
485
486
487
490
493
495
496
497
498
499
