3
9
12
14
16
17
20
21
26
29
30
32
33
35
37
38
40
41
43
48
50
55
57
59
60
62
66
73
74
75
88
94
96
99
101
103
105
108
112
114
117
118
120
121
122
129
131
133
134
135
136
137
139
141
142
143
144
148
149
150
152
155
156
160
163
164
166
174
177
183
187
188
192
198
200
205
207
208
214
218
219
223
225
228
230
233
235
236
244
248
249
250
254
255
257
261
265
267
270
273
275
278
280
284
285
289
296
297
308
313
319
326
327
329
331
342
345
352
358
367
368
371
373
375
381
382
390
391
397
398
399
400
401
405
411
416
424
431
432
435
437
438
442
444
445
453
455
456
459
465
468
476
481
484
488
491
492
494
500
