Round: 4
Detected poison: 152
True poison: 100
TP: 48
FP: 104
FN: 52
TN: 296
Precision: 0.315789
Recall: 0.480000
F1: 0.380952
False Positive Rate: 0.260000

TP client IDs: [20, 33, 35, 59, 73, 74, 94, 96, 120, 121, 133, 134, 136, 137, 141, 144, 150, 166, 208, 214, 235, 236, 244, 248, 250, 255, 261, 267, 270, 275, 278, 280, 285, 296, 313, 326, 329, 340, 390, 399, 416, 431, 432, 444, 455, 474, 484, 491]
FP client IDs: [1, 4, 9, 12, 16, 17, 19, 21, 26, 29, 30, 32, 37, 38, 40, 41, 48, 50, 55, 57, 60, 62, 66, 80, 99, 101, 103, 105, 117, 118, 122, 129, 135, 142, 143, 146, 148, 149, 160, 161, 163, 164, 165, 170, 171, 174, 183, 187, 188, 198, 200, 202, 205, 207, 212, 215, 218, 219, 225, 230, 233, 249, 254, 257, 265, 273, 274, 282, 297, 308, 312, 319, 321, 327, 337, 350, 352, 355, 358, 359, 360, 364, 368, 371, 373, 375, 379, 382, 391, 398, 401, 405, 411, 419, 435, 442, 456, 459, 465, 468, 476, 481, 488, 492]
FN client IDs: [68, 69, 82, 88, 90, 92, 110, 111, 112, 115, 139, 158, 176, 191, 199, 203, 206, 228, 237, 241, 243, 247, 260, 276, 277, 284, 287, 288, 289, 300, 314, 333, 336, 342, 343, 345, 349, 357, 366, 369, 377, 394, 424, 425, 428, 438, 463, 471, 472, 479, 489, 500]
