Round: 3
Detected poison: 128
True poison: 100
TP: 37
FP: 91
FN: 63
TN: 309
Precision: 0.289062
Recall: 0.370000
F1: 0.324561
False Positive Rate: 0.227500

TP client IDs: [20, 35, 59, 73, 74, 94, 120, 133, 134, 136, 137, 141, 144, 166, 214, 235, 248, 255, 261, 267, 270, 275, 278, 280, 285, 296, 313, 329, 340, 390, 416, 431, 444, 455, 474, 484, 491]
FP client IDs: [1, 9, 12, 16, 17, 19, 21, 26, 29, 30, 32, 38, 40, 41, 48, 50, 55, 57, 60, 62, 93, 99, 101, 103, 105, 117, 118, 135, 142, 143, 146, 148, 149, 160, 161, 163, 164, 165, 170, 171, 174, 187, 188, 198, 200, 202, 207, 212, 215, 218, 219, 225, 230, 233, 249, 254, 265, 282, 297, 308, 312, 319, 321, 327, 330, 341, 350, 352, 358, 359, 360, 364, 368, 371, 373, 375, 379, 382, 398, 401, 405, 411, 419, 447, 456, 465, 468, 476, 481, 488, 492]
FN client IDs: [33, 68, 69, 82, 88, 90, 92, 96, 110, 111, 112, 115, 121, 139, 150, 158, 176, 191, 199, 203, 206, 208, 228, 236, 237, 241, 243, 244, 247, 250, 260, 276, 277, 284, 287, 288, 289, 300, 314, 326, 333, 336, 342, 343, 345, 349, 357, 366, 369, 377, 394, 399, 424, 425, 428, 432, 438, 463, 471, 472, 479, 489, 500]
