2
3
4
5
6
7
8
9
11
13
14
15
17
18
21
22
23
24
25
27
31
32
36
37
38
40
42
43
44
45
46
47
49
50
51
52
53
54
55
56
57
58
61
64
65
66
67
70
71
75
76
77
78
79
80
81
83
84
85
87
89
91
93
95
97
98
99
100
102
103
104
105
106
107
108
109
113
114
116
118
119
122
124
125
126
128
130
131
132
135
138
140
145
146
147
148
152
153
154
155
156
159
162
164
167
168
169
173
175
177
178
179
180
181
182
184
185
186
187
189
190
192
193
194
195
196
197
200
201
202
204
205
207
209
210
211
212
213
215
216
217
218
219
220
221
222
223
224
226
227
229
231
232
238
239
240
242
245
246
251
252
253
254
256
258
259
262
263
264
266
268
269
271
273
274
279
283
286
292
293
294
295
299
301
302
303
304
305
306
307
308
309
310
311
315
316
317
318
319
320
323
324
325
328
331
332
334
335
337
338
344
347
351
353
354
355
356
361
362
363
364
365
367
370
371
372
374
375
376
378
380
381
383
384
386
387
388
389
391
392
393
395
397
398
400
401
402
403
404
405
406
407
408
409
410
413
414
415
417
418
419
420
421
423
426
427
429
430
433
434
435
436
437
439
440
441
442
443
445
446
448
450
451
452
453
454
457
458
460
461
462
464
466
467
469
475
476
477
478
480
481
482
483
485
486
487
490
493
494
495
496
497
498
499
