9
12
16
17
20
21
26
29
32
33
35
37
38
40
41
43
48
50
55
57
59
60
62
66
73
74
80
94
96
99
101
103
105
108
114
117
118
120
121
122
129
133
134
135
136
137
139
141
142
143
144
148
149
150
152
155
160
163
164
166
171
174
183
187
188
191
192
198
200
202
205
207
208
212
214
215
218
219
223
225
228
230
233
235
236
244
248
249
250
254
255
257
261
265
267
270
273
274
275
278
280
284
285
289
296
297
308
312
313
319
321
326
327
329
345
350
352
358
359
363
367
368
371
373
375
379
381
382
390
391
397
398
399
401
405
411
416
419
424
431
432
435
442
444
455
456
459
465
468
474
476
481
484
488
491
492
494
500
