Round: 5
Detected poison: 158
True poison: 100
TP: 55
FP: 103
FN: 45
TN: 297
Precision: 0.348101
Recall: 0.550000
F1: 0.426357
False Positive Rate: 0.257500

TP client IDs: [20, 33, 35, 59, 73, 74, 94, 96, 120, 121, 133, 134, 136, 137, 139, 141, 144, 150, 166, 191, 208, 214, 228, 235, 236, 244, 248, 250, 255, 261, 267, 270, 275, 278, 280, 284, 285, 289, 296, 313, 326, 329, 345, 390, 399, 416, 424, 431, 432, 444, 455, 474, 484, 491, 500]
FP client IDs: [9, 12, 16, 17, 21, 26, 29, 32, 37, 38, 40, 41, 43, 48, 50, 55, 57, 60, 62, 66, 80, 99, 101, 103, 105, 108, 114, 117, 118, 122, 129, 135, 142, 143, 148, 149, 152, 155, 160, 163, 164, 171, 174, 183, 187, 188, 192, 198, 200, 202, 205, 207, 212, 215, 218, 219, 223, 225, 230, 233, 249, 254, 257, 265, 273, 274, 297, 308, 312, 319, 321, 327, 350, 352, 358, 359, 363, 367, 368, 371, 373, 375, 379, 381, 382, 391, 397, 398, 401, 405, 411, 419, 435, 442, 456, 459, 465, 468, 476, 481, 488, 492, 494]
FN client IDs: [68, 69, 82, 88, 90, 92, 110, 111, 112, 115, 158, 176, 199, 203, 206, 237, 241, 243, 247, 260, 276, 277, 287, 288, 300, 314, 333, 336, 340, 342, 343, 349, 357, 366, 369, 377, 394, 425, 428, 438, 463, 471, 472, 479, 489]
