3
8
9
14
16
17
20
21
26
29
32
33
34
35
37
38
40
41
48
50
54
55
57
59
60
62
66
73
74
75
78
80
82
83
87
88
89
94
96
99
101
103
105
108
112
114
117
118
120
121
122
129
131
133
134
135
136
137
139
141
142
143
144
148
149
150
152
153
155
156
160
164
166
174
177
181
183
187
188
192
198
203
205
206
207
208
214
218
219
220
223
225
228
230
231
235
236
240
242
244
248
249
250
255
257
261
265
267
270
273
275
278
280
285
289
296
297
308
313
319
326
327
329
331
333
345
352
358
367
368
369
373
375
381
382
387
390
391
393
397
398
399
401
404
405
411
416
424
431
432
437
438
439
442
444
445
453
455
456
459
462
465
468
471
476
481
484
488
491
492
493
494
496
500
