Round: 9
Detected poison: 122
True poison: 100
TP: 98
FP: 24
FN: 2
TN: 376
Precision: 0.803279
Recall: 0.980000
F1: 0.882883
False Positive Rate: 0.060000

TP client IDs: [20, 33, 35, 59, 69, 73, 74, 82, 88, 90, 92, 94, 96, 110, 111, 112, 115, 120, 121, 133, 136, 137, 139, 141, 144, 150, 158, 166, 176, 191, 199, 203, 206, 208, 214, 228, 235, 236, 237, 241, 243, 244, 247, 248, 250, 255, 260, 261, 267, 270, 275, 276, 277, 278, 280, 284, 285, 287, 288, 289, 296, 300, 313, 314, 326, 329, 333, 336, 340, 342, 343, 345, 349, 357, 366, 369, 377, 390, 394, 399, 416, 424, 425, 428, 431, 432, 438, 444, 455, 463, 471, 472, 474, 479, 484, 489, 491, 500]
FP client IDs: [16, 40, 48, 105, 117, 149, 156, 174, 187, 225, 230, 265, 297, 308, 327, 352, 358, 375, 381, 391, 453, 468, 488, 492]
FN client IDs: [68, 134]
