1
2
3
4
5
6
7
8
9
10
11
12
13
14
15
16
17
18
19
21
22
23
24
25
26
27
28
29
30
31
32
34
36
37
38
39
40
41
42
43
44
45
46
47
48
49
50
51
52
53
54
55
56
57
58
60
61
62
63
64
65
66
67
70
71
72
75
76
77
78
79
80
81
83
84
85
86
87
89
91
93
95
97
98
99
100
101
102
103
104
105
106
107
108
109
113
114
116
117
118
119
122
123
124
125
126
127
128
129
130
131
132
135
138
140
142
143
145
146
147
148
149
151
152
153
154
155
156
157
159
160
161
162
163
164
165
167
168
169
170
171
172
173
174
175
177
178
179
180
181
182
183
184
185
186
188
189
190
192
193
194
195
196
197
198
200
201
202
204
205
207
209
210
211
212
213
215
216
217
218
219
220
221
222
223
224
225
226
227
229
230
231
232
233
234
238
239
240
242
245
246
249
251
252
253
254
256
257
258
259
262
263
264
265
266
268
269
271
272
273
274
279
281
282
283
286
290
291
292
293
294
295
298
299
301
302
303
304
305
306
307
308
309
310
311
312
315
316
317
318
319
320
321
322
323
324
325
327
328
330
331
332
334
335
337
338
339
341
344
346
347
348
350
351
352
353
354
355
356
359
360
361
362
363
364
365
367
368
370
371
372
373
374
375
376
378
379
380
381
382
383
384
385
386
387
388
389
391
392
393
395
396
397
398
400
401
402
403
404
405
406
407
408
409
410
411
412
413
414
415
417
418
419
420
421
422
423
426
427
429
430
433
434
435
436
437
439
440
441
442
443
445
446
447
448
449
450
451
452
453
454
456
457
458
459
460
461
462
464
466
467
468
469
470
473
475
476
477
478
480
481
482
483
485
486
487
488
490
492
493
494
495
496
497
498
499
