Round: 3
Detected poison: 106
True poison: 100
TP: 100
FP: 6
FN: 0
TN: 394
Precision: 0.943396
Recall: 1.000000
F1: 0.970874
False Positive Rate: 0.015000

TP client IDs: [20, 33, 35, 59, 68, 69, 73, 74, 82, 88, 90, 92, 94, 96, 110, 111, 112, 115, 120, 121, 133, 134, 136, 137, 139, 141, 144, 150, 158, 166, 176, 191, 199, 203, 206, 208, 214, 228, 235, 236, 237, 241, 243, 244, 247, 248, 250, 255, 260, 261, 267, 270, 275, 276, 277, 278, 280, 284, 285, 287, 288, 289, 296, 300, 313, 314, 326, 329, 333, 336, 340, 342, 343, 345, 349, 357, 366, 369, 377, 390, 394, 399, 416, 424, 425, 428, 431, 432, 438, 444, 455, 463, 471, 472, 474, 479, 484, 489, 491, 500]
FP client IDs: [117, 225, 265, 297, 465, 488]
FN client IDs: []
