1
2
3
4
5
6
7
8
9
10
11
12
13
14
16
17
20
21
22
23
24
25
26
27
28
29
31
32
34
35
36
38
42
44
45
46
48
49
50
51
52
54
55
56
57
59
61
63
64
66
68
69
70
72
73
74
75
76
77
78
79
80
86
90
91
94
96
97
99
101
102
103
104
105
106
107
108
109
110
111
112
113
114
115
116
117
118
119
120
121
122
123
125
126
127
128
129
130
131
132
133
134
137
138
139
140
141
142
143
144
146
147
148
149
150
151
152
153
154
155
156
158
159
160
161
162
163
164
165
166
167
168
170
171
172
174
175
176
178
179
180
181
182
184
185
187
189
190
191
193
194
195
196
197
198
199
200
