Round: 2
Detected poison: 93
True poison: 100
TP: 93
FP: 0
FN: 7
TN: 100
Precision: 1.000000
Recall: 0.930000
F1: 0.963731
False Positive Rate: 0.000000

TP client IDs: [7, 9, 10, 11, 12, 13, 16, 17, 18, 19, 22, 27, 28, 29, 30, 31, 33, 34, 35, 40, 43, 45, 47, 50, 52, 57, 59, 60, 61, 64, 67, 68, 71, 75, 76, 77, 79, 80, 82, 83, 84, 86, 89, 92, 93, 94, 95, 97, 99, 101, 104, 107, 110, 111, 113, 114, 115, 123, 124, 125, 126, 129, 131, 140, 142, 147, 149, 153, 156, 157, 158, 159, 160, 161, 162, 164, 167, 169, 172, 173, 176, 177, 179, 180, 181, 182, 183, 184, 185, 187, 188, 190, 193]
FP client IDs: []
FN client IDs: [21, 51, 70, 102, 109, 134, 199]
